0000 0010 0101 0000 1001 0000 0010 0000 
0000 0010 0101 0000 1001 0000 0010 0010 
0001 0010 0101 0010 0000 0000 0000 0011 
0001 1110 0100 0000 0000 0000 0000 0011 
0000 1000 0000 0000 0000 0000 0000 0110 
0000 0010 0001 0010 1001 0000 0010 0100 
0000 0010 0001 0010 1001 0000 0010 0101 
0010 0110 0101 0011 0000 0000 0000 0000 
0000 0000 0001 0100 1001 1000 1000 0000 
0000 0000 0001 0010 1001 1000 0100 0010 
1000 1110 0010 1111 0000 0000 0000 0000 
1010 1100 0001 0010 0000 0000 0001 1000 
0000 0010 0101 0011 1000 0000 0010 1010 
0000 0010 0101 0001 0000 0000 0001 1000 
0000 0000 0000 0000 1000 0000 0001 0000 
0000 0000 0000 0000 1000 0000 0001 0010 
0011 0110 0001 0010 0000 0000 0000 1001 
end
